auprc = 0.9760054063548484
auroc = 0.8601190476190477
eval_loss = 0.8777676795593184
fn = 9
fp = 7
mcc = 0.38403348216728694
tn = 7
tp = 87
